0 -> 14,21,3
1 -> 18,2,481,754
10 -> 12
100 -> 76
1000 -> 1002,1292
1001 -> 1000,1245
1002 -> 630
1003 -> 1005
1004 -> 1003
1005 -> 671
1006 -> 1008,1556
1007 -> 1006
1008 -> 102
1009 -> 908
101 -> 102
1010 -> 1011,2669
1011 -> 1009
1012 -> 1014
1013 -> 2909,822
1014 -> 1013,2761
1015 -> 1016
1016 -> 1017
1017 -> 1846,703
1018 -> 1019
1019 -> 1020
102 -> 100,1007,1569
1020 -> 2225,700
1021 -> 1022,1643
1022 -> 1577,904
1023 -> 1021,1066
1024 -> 1026
1025 -> 1024
1026 -> 505
1027 -> 119
1028 -> 1027
1029 -> 1028
103 -> 104,1268,130,2443
1030 -> 1032
1031 -> 552
1032 -> 1031,1674
1033 -> 319
1034 -> 1033
1035 -> 1034
1036 -> 394
1037 -> 1038,1604
1038 -> 1036
1039 -> 612
104 -> 133,2218,2867,95
1040 -> 1041
1041 -> 1039
1042 -> 1043
1043 -> 765
1044 -> 1042,2140
1045 -> 1046
1046 -> 1047,2125
1047 -> 1397,985
1048 -> 2155,423
1049 -> 1048
105 -> 103,1241,211
1050 -> 1049
1051 -> 2109,2905,664
1052 -> 1053,1175
1053 -> 1051,1279
1054 -> 207,2806
1055 -> 1056,1184,1883
1056 -> 1054
1057 -> 1059
1058 -> 1231,1849,366
1059 -> 1058
106 -> 107,2730
1060 -> 1142,858
1061 -> 1060
1062 -> 1061
1063 -> 1065
1064 -> 1063,2627
1065 -> 2004,847
1066 -> 1068,1949
1067 -> 1023,1223
1068 -> 1067
1069 -> 1070
107 -> 108,2384,461,666
1070 -> 1071
1071 -> 278
1072 -> 1074
1073 -> 1072,1107
1074 -> 1978,2271,368
1075 -> 1076
1076 -> 606
1077 -> 1075
1078 -> 275
1079 -> 1080
108 -> 14,283
1080 -> 1078
1081 -> 2160,594
1082 -> 1083
1083 -> 1081
1084 -> 1085,1692
1085 -> 754
1086 -> 1084,1811
1087 -> 1088
1088 -> 203
1089 -> 1087,2642
109 -> 4
1090 -> 986
1091 -> 1090
1092 -> 1091,2290
1093 -> 1095,1130
1094 -> 1166,934
1095 -> 1094
1096 -> 1097,2329
1097 -> 2691,400
1098 -> 1096
1099 -> 1101
11 -> 234,24,2403,8
110 -> 109
1100 -> 2378,2389,898
1101 -> 1100
1102 -> 47
1103 -> 1104
1104 -> 1102
1105 -> 1073
1106 -> 1105
1107 -> 1106
1108 -> 1110,1499,2614
1109 -> 1830,594
111 -> 110,145,2994,355
1110 -> 1109
1111 -> 1112
1112 -> 323
1113 -> 1111,1225
1114 -> 186
1115 -> 1114
1116 -> 1115
1117 -> 26
1118 -> 1119,1192,1650
1119 -> 1117,1927
112 -> 7,857
1120 -> 1122
1121 -> 754
1122 -> 1121,1329
1123 -> 1124
1124 -> 1125
1125 -> 2112,521
1126 -> 1128
1127 -> 516
1128 -> 1127
1129 -> 1131,2297
113 -> 114,140,196,290,491,499,533
1130 -> 1129,2000
1131 -> 1093
1132 -> 491
1133 -> 1134,1472,1958
1134 -> 1132,2283
1135 -> 210
1136 -> 1137
1137 -> 1135
1138 -> 1140
1139 -> 305
114 -> 112,263
1140 -> 1139
1141 -> 1143
1142 -> 1141,2783
1143 -> 1060,1348
1144 -> 1145
1145 -> 1146,1408
1146 -> 346
1147 -> 1148
1148 -> 1149
1149 -> 745
115 -> 2069,451,52
1150 -> 1151,1480
1151 -> 501
1152 -> 1150
1153 -> 1155
1154 -> 1153
1155 -> 265
1156 -> 1158
1157 -> 770
1158 -> 1157
1159 -> 1160,2247
116 -> 115,2665
1160 -> 394
1161 -> 1159
1162 -> 1163
1163 -> 170
1164 -> 1162
1165 -> 1167
1166 -> 1165
1167 -> 1094
1168 -> 1170,1344
1169 -> 333
117 -> 116
1170 -> 1169,1571
1171 -> 1172
1172 -> 328
1173 -> 1171
1174 -> 1176
1175 -> 1174
1176 -> 1052,1789
1177 -> 1178
1178 -> 1179
1179 -> 345
118 -> 82
1180 -> 1181
1181 -> 1182
1182 -> 2164,2182,827
1183 -> 1055
1184 -> 1185
1185 -> 1183
1186 -> 1187
1187 -> 1188
1188 -> 463
1189 -> 1191
119 -> 1029,120
1190 -> 401
1191 -> 1190
1192 -> 1193
1193 -> 1194
1194 -> 1118
1195 -> 1212,28
1196 -> 1195
1197 -> 1196
1198 -> 1199,2479
1199 -> 518
12 -> 11,201,254
120 -> 118,178,222
1200 -> 1198
1201 -> 1203
1202 -> 555
1203 -> 1202
1204 -> 1206
1205 -> 408
1206 -> 1205
1207 -> 899
1208 -> 1207
1209 -> 1208
121 -> 122,214
1210 -> 1195
1211 -> 1210,1942
1212 -> 1211
1213 -> 535
1214 -> 1215
1215 -> 1213
1216 -> 783
1217 -> 1218,2034
1218 -> 1216,2274
1219 -> 1221,2966
122 -> 1756,218,410,89
1220 -> 128
1221 -> 1220
1222 -> 1067
1223 -> 1224
1224 -> 1222
1225 -> 1226
1226 -> 1227
1227 -> 1113
1228 -> 369
1229 -> 1230,1234
123 -> 121,797
1230 -> 1228
1231 -> 1232
1232 -> 1233,1365
1233 -> 1058
1234 -> 1235
1235 -> 1236,2139
1236 -> 1229
1237 -> 1239
1238 -> 2323,489
1239 -> 1238
124 -> 7
1240 -> 105
1241 -> 1242
1242 -> 1240,1404
1243 -> 1001
1244 -> 1243
1245 -> 1244
1246 -> 1248
1247 -> 1246,1765
1248 -> 173,2195
1249 -> 1251
125 -> 124
1250 -> 1249,2021
1251 -> 478
1252 -> 1254
1253 -> 786
1254 -> 1253,2041
1255 -> 2381,739
1256 -> 1257
1257 -> 1255,2514
1258 -> 235
1259 -> 1260
126 -> 125
1260 -> 1258
1261 -> 1263
1262 -> 1527,54
1263 -> 1262
1264 -> 1265
1265 -> 1266
1266 -> 258
1267 -> 103,1683
1268 -> 1269
1269 -> 1267
127 -> 128,463
1270 -> 1272,2852
1271 -> 539
1272 -> 1271
1273 -> 1274
1274 -> 1275
1275 -> 770
1276 -> 988
1277 -> 1276
1278 -> 1277,1382
1279 -> 1281,1633
128 -> 1219,1743,90
1280 -> 1053
1281 -> 1280
1282 -> 1283
1283 -> 195
1284 -> 1282
1285 -> 1287
1286 -> 1285
1287 -> 444
1288 -> 1290
1289 -> 1288,1566
129 -> 127
1290 -> 543
1291 -> 1000
1292 -> 1293
1293 -> 1291
1294 -> 1295,2681
1295 -> 1584,393
1296 -> 1294
1297 -> 1298,1933
1298 -> 2018,689
1299 -> 1297,1899
13 -> 15,345
130 -> 132
1300 -> 1831,651
1301 -> 1302
1302 -> 1300
1303 -> 319
1304 -> 1305
1305 -> 1303,1548
1306 -> 1391,270
1307 -> 1308
1308 -> 1306
1309 -> 1310
131 -> 103,2408,407,903
1310 -> 843
1311 -> 1309
1312 -> 1314
1313 -> 617
1314 -> 1313
1315 -> 1316
1316 -> 1317
1317 -> 208
1318 -> 2372,2860,497
1319 -> 1318
132 -> 131,2836
1320 -> 1319
1321 -> 1322
1322 -> 545
1323 -> 1321
1324 -> 1325
1325 -> 1326
1326 -> 904
1327 -> 1328
1328 -> 1122
1329 -> 1327
133 -> 134,672
1330 -> 1331
1331 -> 1332
1332 -> 1609,202,2056,2724
1333 -> 1334,2394
1334 -> 1335
1335 -> 865
1336 -> 363
1337 -> 1336
1338 -> 1337
1339 -> 1341,1892
134 -> 135
1340 -> 1339
1341 -> 653
1342 -> 1343
1343 -> 1168
1344 -> 1342
1345 -> 1347
1346 -> 75
1347 -> 1346
1348 -> 1349
1349 -> 1350
135 -> 104
1350 -> 1143
1351 -> 718
1352 -> 1353
1353 -> 1351
1354 -> 1355,1770
1355 -> 1356
1356 -> 479
1357 -> 1358
1358 -> 452
1359 -> 1357
136 -> 138
1360 -> 1361
1361 -> 1362
1362 -> 1655,722
1363 -> 1232,1920
1364 -> 1363,2495
1365 -> 1364,2078
1366 -> 1367
1367 -> 253
1368 -> 1366,1853
1369 -> 1385,1459,2635,632
137 -> 136,449,476,585
1370 -> 1369
1371 -> 1370
1372 -> 1373
1373 -> 535
1374 -> 1372,1452,2582
1375 -> 1376
1376 -> 285
1377 -> 1375,1445
1378 -> 1379
1379 -> 1380,2436
138 -> 377,77
1380 -> 685
1381 -> 1383
1382 -> 1381
1383 -> 1278
1384 -> 1369
1385 -> 1386
1386 -> 1384,2103
1387 -> 7
1388 -> 1387
1389 -> 1388,2766
139 -> 113,270
1390 -> 1392
1391 -> 1390
1392 -> 1306,2629
1393 -> 1394
1394 -> 567
1395 -> 1393
1396 -> 1398
1397 -> 1396,1798
1398 -> 1047
1399 -> 1400
14 -> 106,13
140 -> 141,1535,1904
1400 -> 1401,2299
1401 -> 467
1402 -> 1403,1895
1403 -> 1242,1497,1622,2732
1404 -> 1402,2084
1405 -> 1407,2150
1406 -> 1405,1637
1407 -> 249
1408 -> 1409,2741
1409 -> 1410,1426
141 -> 139,226,249
1410 -> 1145,1710
1411 -> 1412,1524,2457
1412 -> 660
1413 -> 1411
1414 -> 334
1415 -> 1416
1416 -> 1414
1417 -> 1419,1646
1418 -> 738
1419 -> 1418,1906
142 -> 143,342
1420 -> 697
1421 -> 1420
1422 -> 1421,2531
1423 -> 1424,1587
1424 -> 1425,2204
1425 -> 92
1426 -> 1428
1427 -> 1409
1428 -> 1427
1429 -> 1431
143 -> 1530,28,836
1430 -> 1449,867
1431 -> 1430
1432 -> 762
1433 -> 1432
1434 -> 1433
1435 -> 1437
1436 -> 647
1437 -> 1436
1438 -> 1440
1439 -> 425
144 -> 142
1440 -> 1439,1554
1441 -> 214,2827
1442 -> 1441
1443 -> 1442
1444 -> 1377
1445 -> 1446
1446 -> 1444,2916
1447 -> 1430
1448 -> 1447
1449 -> 1448,2576
145 -> 147
1450 -> 1374
1451 -> 1450,1492
1452 -> 1451
1453 -> 255
1454 -> 1453
1455 -> 1454
1456 -> 854
1457 -> 1456
1458 -> 1457
1459 -> 1461
146 -> 111
1460 -> 1369
1461 -> 1460,2307,2549
1462 -> 399
1463 -> 1464,1550
1464 -> 1462,2116,2200
1465 -> 1466
1466 -> 67
1467 -> 1465
1468 -> 1469
1469 -> 48
147 -> 146,351
1470 -> 1468,1581
1471 -> 1473,2028
1472 -> 1471
1473 -> 1133
1474 -> 1476
1475 -> 2756,589
1476 -> 1475
1477 -> 1478
1478 -> 1479
1479 -> 865
148 -> 150
1480 -> 1482
1481 -> 1150
1482 -> 1481
1483 -> 1484
1484 -> 518
1485 -> 1483
1486 -> 1487
1487 -> 1488
1488 -> 2990,302
1489 -> 478
149 -> 148,186
1490 -> 1491
1491 -> 1489
1492 -> 1493
1493 -> 1494
1494 -> 1451
1495 -> 1496
1496 -> 1403
1497 -> 1495
1498 -> 1500
1499 -> 1498,2450
15 -> 0,56
150 -> 41,705
1500 -> 1108
1501 -> 1563,763
1502 -> 1503
1503 -> 1501
1504 -> 328
1505 -> 1506
1506 -> 1504,1941
1507 -> 1509
1508 -> 789
1509 -> 1508
151 -> 153
1510 -> 557
1511 -> 1512
1512 -> 1510
1513 -> 1515
1514 -> 677
1515 -> 1514
1516 -> 1518,2011
1517 -> 839
1518 -> 1517
1519 -> 1520,2260
152 -> 39
1520 -> 1521
1521 -> 75
1522 -> 1411,1539
1523 -> 1522
1524 -> 1523
1525 -> 1526
1526 -> 1262,1593
1527 -> 1525,1955
1528 -> 143
1529 -> 1528
153 -> 152
1530 -> 1529,1670
1531 -> 1533
1532 -> 942
1533 -> 1532,2855
1534 -> 1536
1535 -> 1534
1536 -> 140
1537 -> 1538,3000
1538 -> 1522
1539 -> 1537
154 -> 156
1540 -> 489
1541 -> 1542
1542 -> 1540
1543 -> 1545
1544 -> 176
1545 -> 1544,2014
1546 -> 1547,1612
1547 -> 1305
1548 -> 1546,2987
1549 -> 1551
155 -> 154,187
1550 -> 1549
1551 -> 1463
1552 -> 1553
1553 -> 1440
1554 -> 1552
1555 -> 1557,1993
1556 -> 1555
1557 -> 1006
1558 -> 1560
1559 -> 186
156 -> 273,51
1560 -> 1559,2240
1561 -> 1562
1562 -> 1501
1563 -> 1561
1564 -> 1565
1565 -> 1289
1566 -> 1564
1567 -> 1568,2236
1568 -> 102,1835
1569 -> 1567
157 -> 158,1981
1570 -> 1572
1571 -> 1570
1572 -> 1170
1573 -> 855
1574 -> 1573,2353
1575 -> 1574
1576 -> 1578
1577 -> 1576
1578 -> 1022
1579 -> 1580,2975
158 -> 25,382
1580 -> 1470
1581 -> 1579
1582 -> 1583
1583 -> 1295
1584 -> 1582
1585 -> 1423
1586 -> 1585
1587 -> 1586
1588 -> 436
1589 -> 1590
159 -> 157,177
1590 -> 1588,2520
1591 -> 1592
1592 -> 1526
1593 -> 1591
1594 -> 614
1595 -> 1594
1596 -> 1595
1597 -> 1599
1598 -> 525
1599 -> 1598,1693
16 -> 1,30
160 -> 161
1600 -> 1602,2256
1601 -> 321
1602 -> 1601
1603 -> 1037
1604 -> 1605
1605 -> 1603
1606 -> 1608
1607 -> 484
1608 -> 1607
1609 -> 1610
161 -> 162,673,912
1610 -> 1611
1611 -> 1332,2207
1612 -> 1614
1613 -> 1546
1614 -> 1613
1615 -> 1617
1616 -> 1716,527
1617 -> 1616,2802
1618 -> 1619
1619 -> 1620
162 -> 361,86
1620 -> 205
1621 -> 1623
1622 -> 1621
1623 -> 1403
1624 -> 1625
1625 -> 2545,546
1626 -> 1624
1627 -> 902
1628 -> 1627
1629 -> 1628
163 -> 165
1630 -> 1632
1631 -> 1630
1632 -> 713
1633 -> 1634
1634 -> 1635
1635 -> 1279
1636 -> 1638
1637 -> 1636
1638 -> 1406
1639 -> 1641
164 -> 163,2818,509
1640 -> 1639
1641 -> 2029,515
1642 -> 1644
1643 -> 1642
1644 -> 1021
1645 -> 1647,1653
1646 -> 1645
1647 -> 1417
1648 -> 1649
1649 -> 1118,2352
165 -> 62
1650 -> 1648,1726
1651 -> 1645
1652 -> 1651
1653 -> 1652,2904
1654 -> 1362,1880,2794
1655 -> 1656
1656 -> 1654,1887
1657 -> 2738,625
1658 -> 1659
1659 -> 1657,1703
166 -> 168,260,293
1660 -> 1662
1661 -> 849
1662 -> 1661
1663 -> 1665
1664 -> 1663
1665 -> 470
1666 -> 833
1667 -> 1668
1668 -> 1666
1669 -> 1530
167 -> 166,1718
1670 -> 1671
1671 -> 1669
1672 -> 1032
1673 -> 1672
1674 -> 1673
1675 -> 1677,2797
1676 -> 1675
1677 -> 693
1678 -> 1680
1679 -> 1678
168 -> 34,781
1680 -> 434
1681 -> 1267
1682 -> 1681
1683 -> 1682
1684 -> 1686
1685 -> 953
1686 -> 1685
1687 -> 224
1688 -> 1689
1689 -> 1687
169 -> 170
1690 -> 1084
1691 -> 1690,2789
1692 -> 1691
1693 -> 1694
1694 -> 1695
1695 -> 1599,2589
1696 -> 386
1697 -> 1696
1698 -> 1697,2609
1699 -> 1700
17 -> 16
170 -> 1164,171
1700 -> 907
1701 -> 1699
1702 -> 1659
1703 -> 1704
1704 -> 1702
1705 -> 473
1706 -> 1707,2368
1707 -> 1705
1708 -> 1709
1709 -> 1410
171 -> 236,61
1710 -> 1708
1711 -> 2263,636
1712 -> 1713
1713 -> 1711
1714 -> 1616,2499
1715 -> 1714
1716 -> 1715
1717 -> 167,2932
1718 -> 1719
1719 -> 1717
172 -> 174
1720 -> 1721
1721 -> 807
1722 -> 1720,2090
1723 -> 1725
1724 -> 1723
1725 -> 474
1726 -> 1727
1727 -> 1728
1728 -> 1650
1729 -> 1746,896
173 -> 1247,446,80
1730 -> 1729,2805
1731 -> 1730
1732 -> 1734
1733 -> 271
1734 -> 1733
1735 -> 1737,2655
1736 -> 81
1737 -> 1736
1738 -> 1740
1739 -> 1738
174 -> 173,2830
1740 -> 741
1741 -> 128
1742 -> 1741
1743 -> 1742
1744 -> 1729
1745 -> 1744
1746 -> 1745,1793
1747 -> 1748
1748 -> 175
1749 -> 1747
175 -> 159,1749,1988
1750 -> 1752
1751 -> 1750
1752 -> 182
1753 -> 1754,2465
1754 -> 1755
1755 -> 508
1756 -> 1758
1757 -> 122
1758 -> 1757
1759 -> 1760
176 -> 1543,175
1760 -> 274
1761 -> 1759,1937,2955
1762 -> 1763
1763 -> 1764
1764 -> 698
1765 -> 1766
1766 -> 1767
1767 -> 1247
1768 -> 1769
1769 -> 1354
177 -> 176,320,530
1770 -> 1768
1771 -> 1772
1772 -> 90
1773 -> 1771
1774 -> 498
1775 -> 1776,1910,2535
1776 -> 1774
1777 -> 1778
1778 -> 740
1779 -> 1777
178 -> 180,202,297
1780 -> 1782
1781 -> 529
1782 -> 1781
1783 -> 1784
1784 -> 600
1785 -> 1783
1786 -> 1787
1787 -> 2439,754
1788 -> 1786
1789 -> 1790
179 -> 120,239
1790 -> 1791
1791 -> 1176
1792 -> 1746,1966
1793 -> 1794
1794 -> 1792
1795 -> 1860,2144,473
1796 -> 1797
1797 -> 1795
1798 -> 1800
1799 -> 1397
18 -> 17,35,370
180 -> 179
1800 -> 1799
1801 -> 1802
1802 -> 1845,2100,846
1803 -> 1801
1804 -> 1805
1805 -> 1806
1806 -> 348
1807 -> 1809
1808 -> 1807
1809 -> 209
181 -> 182,346
1810 -> 1086
1811 -> 1812
1812 -> 1810,2814
1813 -> 1814
1814 -> 741
1815 -> 1813
1816 -> 1817
1817 -> 1818
1818 -> 567
1819 -> 1821
182 -> 1751,52,579,684
1820 -> 2114,594
1821 -> 1820
1822 -> 655
1823 -> 1822
1824 -> 1823
1825 -> 1827
1826 -> 851
1827 -> 1826
1828 -> 1829
1829 -> 1109
183 -> 181,299
1830 -> 1828
1831 -> 1833
1832 -> 1300
1833 -> 1832
1834 -> 1568
1835 -> 1836
1836 -> 1834,2523
1837 -> 1838,2061
1838 -> 2698,344
1839 -> 1837
184 -> 149
1840 -> 1841
1841 -> 2387,64
1842 -> 1840
1843 -> 1844
1844 -> 1802
1845 -> 1843
1846 -> 1848
1847 -> 1017,2341
1848 -> 1847
1849 -> 1851
185 -> 184,288
1850 -> 1058
1851 -> 1850
1852 -> 1854
1853 -> 1852,1870
1854 -> 1368
1855 -> 1856
1856 -> 1857
1857 -> 427
1858 -> 1859
1859 -> 1795
186 -> 1116,1558,185,2419
1860 -> 1858
1861 -> 1863
1862 -> 411
1863 -> 1862,2359
1864 -> 1865
1865 -> 1866,2891
1866 -> 497
1867 -> 1869
1868 -> 1867
1869 -> 568
187 -> 188,333
1870 -> 1872,2199
1871 -> 1853
1872 -> 1871
1873 -> 1875,2624
1874 -> 782
1875 -> 1874
1876 -> 1877
1877 -> 1878
1878 -> 926
1879 -> 1881
188 -> 189
1880 -> 1879
1881 -> 1654
1882 -> 1055
1883 -> 1884
1884 -> 1882
1885 -> 1656,2188
1886 -> 1885
1887 -> 1886
1888 -> 1890
1889 -> 1888
189 -> 155,1990
1890 -> 601
1891 -> 1893
1892 -> 1891,2095
1893 -> 1339
1894 -> 1402
1895 -> 1896
1896 -> 1894
1897 -> 1299
1898 -> 1897
1899 -> 1898
19 -> 20,2251,26
190 -> 192,2833
1900 -> 1901
1901 -> 262
1902 -> 1900
1903 -> 1905
1904 -> 1903,1998,2249
1905 -> 140
1906 -> 1908
1907 -> 1419
1908 -> 1907
1909 -> 1775
191 -> 190
1910 -> 1911
1911 -> 1909
1912 -> 615
1913 -> 1912
1914 -> 1913
1915 -> 1916
1916 -> 1917
1917 -> 985
1918 -> 1919
1919 -> 1363
192 -> 605,68
1920 -> 1918
1921 -> 400
1922 -> 1921
1923 -> 1922
1924 -> 1925
1925 -> 60
1926 -> 1924
1927 -> 1929
1928 -> 1119
1929 -> 1928,2501
193 -> 194
1930 -> 1931
1931 -> 872
1932 -> 1930
1933 -> 1934
1934 -> 1935
1935 -> 1297
1936 -> 1938
1937 -> 1936
1938 -> 1761
1939 -> 1506
194 -> 43
1940 -> 1939
1941 -> 1940
1942 -> 1944
1943 -> 1211
1944 -> 1943,2404
1945 -> 64
1946 -> 1945
1947 -> 1946
1948 -> 1066
1949 -> 1950
195 -> 1284,193
1950 -> 1948
1951 -> 1952
1952 -> 744
1953 -> 1951
1954 -> 1527
1955 -> 1956
1956 -> 1954
1957 -> 1133
1958 -> 1959
1959 -> 1957
196 -> 198,304
1960 -> 1961
1961 -> 555
1962 -> 1960
1963 -> 1964
1964 -> 288
1965 -> 1963
1966 -> 1968
1967 -> 1792
1968 -> 1967
1969 -> 204
197 -> 113,2697
1970 -> 1969
1971 -> 1970
1972 -> 1973
1973 -> 1974
1974 -> 391
1975 -> 1976
1976 -> 1977,2121
1977 -> 386
1978 -> 1980,2750
1979 -> 1074
198 -> 197
1980 -> 1979
1981 -> 1982
1982 -> 1983
1983 -> 157
1984 -> 1986
1985 -> 724
1986 -> 1985
1987 -> 1989
1988 -> 1987
1989 -> 175,2047
199 -> 200
1990 -> 1992
1991 -> 189
1992 -> 1991
1993 -> 1995
1994 -> 1555
1995 -> 1994
1996 -> 1997
1997 -> 1904,2460
1998 -> 1996
1999 -> 2001
2 -> 0,5
20 -> 0
200 -> 12
2000 -> 1999
2001 -> 1130
2002 -> 2003
2003 -> 1065
2004 -> 2002
2005 -> 2006
2006 -> 2007
2007 -> 315
2008 -> 457
2009 -> 2010
201 -> 199,2638
2010 -> 2008
2011 -> 2012
2012 -> 2013
2013 -> 1516
2014 -> 2015,2131
2015 -> 2016
2016 -> 1545
2017 -> 1298
2018 -> 2019,2510
2019 -> 2017,2346
202 -> 1330,203,2644,395
2020 -> 1250
2021 -> 2022
2022 -> 2020
2023 -> 2024
2024 -> 2025
2025 -> 307
2026 -> 1471
2027 -> 2026
2028 -> 2027
2029 -> 2030,2308
203 -> 1089,204,2720
2030 -> 2031
2031 -> 1641
2032 -> 1217
2033 -> 2032
2034 -> 2033
2035 -> 334
2036 -> 2037
2037 -> 2035
2038 -> 479
2039 -> 2038
204 -> 178,1971,405
2040 -> 2039
2041 -> 2042
2042 -> 2043
2043 -> 1254
2044 -> 2045
2045 -> 575
2046 -> 2044
2047 -> 2049
2048 -> 1989,2134
2049 -> 2048
205 -> 1618,206
2050 -> 2052
2051 -> 2050,2888
2052 -> 59
2053 -> 420
2054 -> 2053,2287
2055 -> 2054
2056 -> 2057
2057 -> 2058
2058 -> 1332,2230
2059 -> 2060
206 -> 207,637
2060 -> 1837
2061 -> 2059
2062 -> 2063
2063 -> 900
2064 -> 2062
2065 -> 2067
2066 -> 2065
2067 -> 802
2068 -> 115,2462
2069 -> 2070
207 -> 1055,487,51,539
2070 -> 2068
2071 -> 445
2072 -> 2071,2878
2073 -> 2072,2432
2074 -> 57
2075 -> 2076
2076 -> 2074,2759
2077 -> 1365
2078 -> 2079
2079 -> 2077,2921
208 -> 1315,210,564
2080 -> 2081
2081 -> 2082
2082 -> 43
2083 -> 2085
2084 -> 2083
2085 -> 1404
2086 -> 2087,2173
2087 -> 2088
2088 -> 855
2089 -> 1722,2768
209 -> 1808,7
2090 -> 2091
2091 -> 2089,2747
2092 -> 2094
2093 -> 880
2094 -> 2093
2095 -> 2096
2096 -> 2097
2097 -> 1892
2098 -> 2099
2099 -> 1802
21 -> 19,31,365,88
210 -> 1136,209,801
2100 -> 2098
2101 -> 1386,2486
2102 -> 2101
2103 -> 2102
2104 -> 2106
2105 -> 604
2106 -> 2105
2107 -> 1051,2279
2108 -> 2107
2109 -> 2108
211 -> 213
2110 -> 2111
2111 -> 1125
2112 -> 2110
2113 -> 2115
2114 -> 2113
2115 -> 1820
2116 -> 2118
2117 -> 1464
2118 -> 2117
2119 -> 2120
212 -> 105
2120 -> 1976
2121 -> 2119
2122 -> 763
2123 -> 2122
2124 -> 2123
2125 -> 2126
2126 -> 2127
2127 -> 1046,2882
2128 -> 2130
2129 -> 673
213 -> 212
2130 -> 2129
2131 -> 2132
2132 -> 2133
2133 -> 2014
2134 -> 2136
2135 -> 2048
2136 -> 2135
2137 -> 1235
2138 -> 2137
2139 -> 2138
214 -> 1443,216
2140 -> 2142
2141 -> 1044
2142 -> 2141
2143 -> 1795
2144 -> 2145
2145 -> 2143
2146 -> 909
2147 -> 2146
2148 -> 2147
2149 -> 1405
215 -> 121
2150 -> 2151,2423
2151 -> 2149
2152 -> 2154
2153 -> 2152
2154 -> 381
2155 -> 2157
2156 -> 1048
2157 -> 2156
2158 -> 1081
2159 -> 2158
216 -> 215
2160 -> 2159
2161 -> 2162
2162 -> 2536,885
2163 -> 2161
2164 -> 2166
2165 -> 1182
2166 -> 2165,2929
2167 -> 2169
2168 -> 410
2169 -> 2168
217 -> 122,641
2170 -> 2172
2171 -> 2170
2172 -> 2367,545
2173 -> 2174
2174 -> 2175
2175 -> 2086
2176 -> 2178
2177 -> 570
2178 -> 2177
2179 -> 2181
218 -> 219
2180 -> 317
2181 -> 2180
2182 -> 2184
2183 -> 1182
2184 -> 2183
2185 -> 459
2186 -> 2185
2187 -> 2186
2188 -> 2189
2189 -> 2190,2397
219 -> 217,636,958
2190 -> 1885
2191 -> 2968,588
2192 -> 2191
2193 -> 2192,2483
2194 -> 2196
2195 -> 2194,2938
2196 -> 1248
2197 -> 1870
2198 -> 2197,2374
2199 -> 2198
22 -> 23,2585,2605,38
220 -> 120
2200 -> 2202
2201 -> 1464
2202 -> 2201
2203 -> 2205
2204 -> 2203
2205 -> 1424
2206 -> 2208
2207 -> 2206
2208 -> 1611
2209 -> 2210
221 -> 220
2210 -> 251
2211 -> 2209
2212 -> 50
2213 -> 2212
2214 -> 2213
2215 -> 76
2216 -> 2215,2612
2217 -> 2216
2218 -> 2220,2600,2735
2219 -> 104
222 -> 221
2220 -> 2219
2221 -> 2222
2222 -> 2223
2223 -> 587
2224 -> 2226
2225 -> 2224
2226 -> 1020
2227 -> 2228
2228 -> 744
2229 -> 2227
223 -> 24,2945,386
2230 -> 2231
2231 -> 2232
2232 -> 2058
2233 -> 568
2234 -> 2233
2235 -> 2234
2236 -> 2237
2237 -> 2238
2238 -> 1567
2239 -> 1560
224 -> 1688,225
2240 -> 2241
2241 -> 2239
2242 -> 293
2243 -> 2242
2244 -> 2243
2245 -> 1159
2246 -> 2245
2247 -> 2246
2248 -> 1904
2249 -> 2250
225 -> 223
2250 -> 2248
2251 -> 2252
2252 -> 2253
2253 -> 19
2254 -> 2255
2255 -> 1600
2256 -> 2254,2718
2257 -> 2259
2258 -> 2257
2259 -> 959
226 -> 228
2260 -> 2262
2261 -> 1519
2262 -> 2261
2263 -> 2264
2264 -> 2265
2265 -> 1711
2266 -> 2267,2713
2267 -> 2268
2268 -> 608
2269 -> 1074
227 -> 141
2270 -> 2269
2271 -> 2270
2272 -> 2273
2273 -> 1218,2822
2274 -> 2272
2275 -> 972
2276 -> 2275
2277 -> 2276
2278 -> 2107
2279 -> 2280,2418
228 -> 227,256
2280 -> 2278
2281 -> 1134
2282 -> 2281
2283 -> 2282
2284 -> 431
2285 -> 2286
2286 -> 2284
2287 -> 2288
2288 -> 2289
2289 -> 2054
229 -> 60
2290 -> 2291
2291 -> 2292
2292 -> 1092,2363
2293 -> 2441,521
2294 -> 2295
2295 -> 2293
2296 -> 1129
2297 -> 2298
2298 -> 2296
2299 -> 2301
23 -> 11,2754,48,51
230 -> 231
2300 -> 1400
2301 -> 2300
2302 -> 2304
2303 -> 798
2304 -> 2303
2305 -> 2306
2306 -> 1461
2307 -> 2305
2308 -> 2310
2309 -> 2029
231 -> 229
2310 -> 2309
2311 -> 2313
2312 -> 491
2313 -> 2312
2314 -> 2315
2315 -> 274
2316 -> 2314
2317 -> 2347,703
2318 -> 2317
2319 -> 2318
232 -> 233
2320 -> 2322
2321 -> 2320
2322 -> 2559,50
2323 -> 2324
2324 -> 2325
2325 -> 1238
2326 -> 2327
2327 -> 2334,365
2328 -> 2326
2329 -> 2330
233 -> 11
2330 -> 2331
2331 -> 1096
2332 -> 2333
2333 -> 2327
2334 -> 2332
2335 -> 2337
2336 -> 2995,345
2337 -> 2336
2338 -> 2340
2339 -> 2338
234 -> 232,588
2340 -> 922
2341 -> 2342
2342 -> 2343
2343 -> 1847
2344 -> 2345
2345 -> 2019,2571
2346 -> 2344
2347 -> 2348
2348 -> 2349
2349 -> 2317
235 -> 1259,171
2350 -> 2351
2351 -> 1649,2561
2352 -> 2350
2353 -> 2355
2354 -> 1574,2399
2355 -> 2354
2356 -> 846
2357 -> 2358
2358 -> 2356
2359 -> 2361
236 -> 237,353
2360 -> 1863
2361 -> 2360
2362 -> 2364
2363 -> 2362
2364 -> 2292
2365 -> 2172
2366 -> 2365
2367 -> 2366,2701
2368 -> 2370
2369 -> 1706
237 -> 235
2370 -> 2369
2371 -> 2373
2372 -> 2371
2373 -> 1318,2592,2817
2374 -> 2375
2375 -> 2376
2376 -> 2198
2377 -> 2379
2378 -> 2377
2379 -> 1100
238 -> 240
2380 -> 2382
2381 -> 2380
2382 -> 1255
2383 -> 107
2384 -> 2385
2385 -> 2383
2386 -> 1841
2387 -> 2388
2388 -> 2386
2389 -> 2390
239 -> 238,809,926
2390 -> 2391
2391 -> 1100,2597
2392 -> 1333
2393 -> 2392
2394 -> 2393
2395 -> 2189
2396 -> 2395
2397 -> 2396
2398 -> 2400
2399 -> 2398
24 -> 22,224,69,74,99
240 -> 179,572
2400 -> 2354
2401 -> 11
2402 -> 2401
2403 -> 2402
2404 -> 2406
2405 -> 1944
2406 -> 2405
2407 -> 131
2408 -> 2409
2409 -> 2407
241 -> 94
2410 -> 2412
2411 -> 731
2412 -> 2411
2413 -> 2414
2414 -> 95
2415 -> 2413
2416 -> 2417
2417 -> 2279
2418 -> 2416
2419 -> 2421
242 -> 243,965
2420 -> 186
2421 -> 2420
2422 -> 2424
2423 -> 2422
2424 -> 2150
2425 -> 2426
2426 -> 2427
2427 -> 394
2428 -> 2430
2429 -> 2428
243 -> 241
2430 -> 435
2431 -> 2433
2432 -> 2431
2433 -> 2073
2434 -> 2435
2435 -> 1379
2436 -> 2434
2437 -> 1787
2438 -> 2437,2688
2439 -> 2438
244 -> 245,717
2440 -> 2442
2441 -> 2440
2442 -> 2293
2443 -> 2444
2444 -> 2445
2445 -> 103
2446 -> 896
2447 -> 2448
2448 -> 2446
2449 -> 2451
245 -> 27,2901
2450 -> 2449
2451 -> 1499
2452 -> 2453
2453 -> 2454
2454 -> 2780,832
2455 -> 1411
2456 -> 2455
2457 -> 2456
2458 -> 1997
2459 -> 2458
246 -> 244
2460 -> 2459
2461 -> 2068
2462 -> 2463
2463 -> 2461
2464 -> 2466
2465 -> 2464
2466 -> 1753
2467 -> 2468
2468 -> 2469
2469 -> 995
247 -> 141,599
2470 -> 2471
2471 -> 837
2472 -> 2470
2473 -> 2475
2474 -> 788
2475 -> 2474
2476 -> 504
2477 -> 2478,2941
2478 -> 2476
2479 -> 2480
248 -> 247,561
2480 -> 2481
2481 -> 1198,2492
2482 -> 2193
2483 -> 2484
2484 -> 2482
2485 -> 2487
2486 -> 2485
2487 -> 2101
2488 -> 2489
2489 -> 2490
249 -> 1406,248
2490 -> 981
2491 -> 2493
2492 -> 2491
2493 -> 2481
2494 -> 2496
2495 -> 2494,2617
2496 -> 1364
2497 -> 2498
2498 -> 1714
2499 -> 2497
25 -> 159,27,62
250 -> 252,607,655
2500 -> 2502
2501 -> 2500
2502 -> 1929
2503 -> 2504
2504 -> 2505
2505 -> 627
2506 -> 835
2507 -> 2508
2508 -> 2506
2509 -> 2511
251 -> 2211,250
2510 -> 2509
2511 -> 2018
2512 -> 1257
2513 -> 2512
2514 -> 2513
2515 -> 531
2516 -> 2515,2707
2517 -> 2516
2518 -> 2519
2519 -> 1590
252 -> 515,57
2520 -> 2518
2521 -> 1836
2522 -> 2521
2523 -> 2522
2524 -> 2526
2525 -> 551
2526 -> 2525
2527 -> 739
2528 -> 2529
2529 -> 2527
253 -> 12,1368
2530 -> 2532
2531 -> 2530
2532 -> 1422
2533 -> 1775
2534 -> 2533
2535 -> 2534
2536 -> 2537
2537 -> 2538
2538 -> 2162
2539 -> 2541
254 -> 255
2540 -> 2539
2541 -> 435
2542 -> 2544
2543 -> 2542
2544 -> 69
2545 -> 2547
2546 -> 1625
2547 -> 2546
2548 -> 2550
2549 -> 2548
255 -> 1455,253,711
2550 -> 1461
2551 -> 2552
2552 -> 354
2553 -> 2551
2554 -> 2556
2555 -> 2554
2556 -> 566
2557 -> 2322
2558 -> 2557
2559 -> 2558,2726
256 -> 258
2560 -> 2351
2561 -> 2562
2562 -> 2560,2770
2563 -> 2565
2564 -> 2563
2565 -> 330
2566 -> 2567
2567 -> 726
2568 -> 2566
2569 -> 2345
257 -> 228
2570 -> 2569
2571 -> 2570
2572 -> 303
2573 -> 2574
2574 -> 2572
2575 -> 1449
2576 -> 2577
2577 -> 2575
2578 -> 2579
2579 -> 2580
258 -> 1264,257
2580 -> 438
2581 -> 1374
2582 -> 2583
2583 -> 2581
2584 -> 2586
2585 -> 2584
2586 -> 22
2587 -> 1695
2588 -> 2587,2659
2589 -> 2588
259 -> 261,267,2778,2792
2590 -> 2591
2591 -> 2373
2592 -> 2590
2593 -> 2594
2594 -> 2595
2595 -> 282
2596 -> 2391
2597 -> 2598
2598 -> 2596
2599 -> 2218
26 -> 1118,25
260 -> 259
2600 -> 2601
2601 -> 2599
2602 -> 500
2603 -> 2602
2604 -> 2603
2605 -> 2607
2606 -> 22
2607 -> 2606
2608 -> 2610
2609 -> 2608
261 -> 166
2610 -> 1698
2611 -> 2216
2612 -> 2613
2613 -> 2611
2614 -> 2616
2615 -> 1108
2616 -> 2615
2617 -> 2619
2618 -> 2495
2619 -> 2618
262 -> 114,1902,281
2620 -> 93
2621 -> 2622
2622 -> 2620
2623 -> 1873
2624 -> 2625
2625 -> 2623
2626 -> 1064
2627 -> 2628
2628 -> 2626,2985
2629 -> 2630
263 -> 264
2630 -> 2631
2631 -> 1392
2632 -> 2634
2633 -> 2632
2634 -> 960
2635 -> 2637
2636 -> 1369
2637 -> 2636
2638 -> 2640
2639 -> 201
264 -> 262,276
2640 -> 2639
2641 -> 2643
2642 -> 2641
2643 -> 1089
2644 -> 2646
2645 -> 202
2646 -> 2645
2647 -> 2649
2648 -> 2647
2649 -> 578
265 -> 1154,259
2650 -> 836
2651 -> 2652
2652 -> 2650
2653 -> 1735
2654 -> 2653
2655 -> 2654
2656 -> 2657
2657 -> 666
2658 -> 2656
2659 -> 2661
266 -> 265
2660 -> 2588
2661 -> 2660
2662 -> 2663
2663 -> 965
2664 -> 2662
2665 -> 2667
2666 -> 116
2667 -> 2666
2668 -> 2670
2669 -> 2668
267 -> 266
2670 -> 1010
2671 -> 2673
2672 -> 269
2673 -> 2672
2674 -> 2675
2675 -> 2676
2676 -> 974
2677 -> 448
2678 -> 2677
2679 -> 2678
268 -> 139,647
2680 -> 2682
2681 -> 2680
2682 -> 1294
2683 -> 2685
2684 -> 2683
2685 -> 732
2686 -> 2687
2687 -> 2438
2688 -> 2686
2689 -> 2690
269 -> 2671,268
2690 -> 1097
2691 -> 2689
2692 -> 973
2693 -> 2692
2694 -> 2693
2695 -> 2696
2696 -> 197
2697 -> 2695
2698 -> 2700
2699 -> 1838
27 -> 19,246
270 -> 1307,269
2700 -> 2699
2701 -> 2703
2702 -> 2367
2703 -> 2702
2704 -> 2705
2705 -> 67
2706 -> 2704
2707 -> 2708
2708 -> 2709
2709 -> 2516
271 -> 156,1732
2710 -> 2711
2711 -> 2845,761
2712 -> 2710
2713 -> 2714
2714 -> 2715
2715 -> 2266
2716 -> 2717
2717 -> 2256
2718 -> 2716
2719 -> 203
272 -> 271
2720 -> 2721
2721 -> 2719
2722 -> 1332
2723 -> 2722
2724 -> 2723
2725 -> 2559
2726 -> 2727
2727 -> 2725
2728 -> 2729
2729 -> 106
273 -> 272
2730 -> 2728
2731 -> 1403
2732 -> 2733
2733 -> 2731
2734 -> 2218
2735 -> 2736
2736 -> 2734
2737 -> 2739,2849
2738 -> 2737
2739 -> 1657,2959
274 -> 1761,2316,275
2740 -> 1408
2741 -> 2742
2742 -> 2740
2743 -> 2745
2744 -> 2743
2745 -> 361
2746 -> 2748
2747 -> 2746
2748 -> 2091
2749 -> 1978
275 -> 1079,264,507
2750 -> 2751
2751 -> 2749
2752 -> 23
2753 -> 2752
2754 -> 2753
2755 -> 1475
2756 -> 2757
2757 -> 2755
2758 -> 2076
2759 -> 2760
276 -> 274
2760 -> 2758
2761 -> 2763
2762 -> 1014
2763 -> 2762
2764 -> 1389
2765 -> 2764
2766 -> 2765
2767 -> 2089
2768 -> 2769
2769 -> 2767
277 -> 278,954
2770 -> 2772
2771 -> 2562
2772 -> 2771,2775
2773 -> 2774
2774 -> 2772
2775 -> 2773
2776 -> 259
2777 -> 2776
2778 -> 2777
2779 -> 2454
278 -> 1069,32,866
2780 -> 2781
2781 -> 2779
2782 -> 1142
2783 -> 2784
2784 -> 2782
2785 -> 2786
2786 -> 2787
2787 -> 536
2788 -> 2790
2789 -> 2788
279 -> 277
2790 -> 1691
2791 -> 2793
2792 -> 2791
2793 -> 259
2794 -> 2796
2795 -> 1654
2796 -> 2795
2797 -> 2799
2798 -> 1675
2799 -> 2798
28 -> 1197,144,16,369
280 -> 282
2800 -> 2801
2801 -> 1617
2802 -> 2800
2803 -> 2804
2804 -> 1730
2805 -> 2803
2806 -> 2808
2807 -> 1054
2808 -> 2807
2809 -> 2811
281 -> 280,335
2810 -> 2809
2811 -> 912
2812 -> 2813
2813 -> 1812
2814 -> 2812
2815 -> 2373
2816 -> 2815
2817 -> 2816
2818 -> 2820
2819 -> 164
282 -> 2593,262
2820 -> 2819
2821 -> 2273
2822 -> 2823
2823 -> 2821
2824 -> 2825
2825 -> 2826
2826 -> 2871,407
2827 -> 2828
2828 -> 2829
2829 -> 1441
283 -> 285,725
2830 -> 2832
2831 -> 174
2832 -> 2831
2833 -> 2834
2834 -> 2835
2835 -> 190
2836 -> 2838
2837 -> 132
2838 -> 2837
2839 -> 546
284 -> 108
2840 -> 2839
2841 -> 2840
2842 -> 2843
2843 -> 2844
2844 -> 942
2845 -> 2847
2846 -> 2711
2847 -> 2846
2848 -> 2737
2849 -> 2850
285 -> 1377,284
2850 -> 2848
2851 -> 1270
2852 -> 2853
2853 -> 2851
2854 -> 2856
2855 -> 2854
2856 -> 1533
2857 -> 552
2858 -> 2859
2859 -> 2857
286 -> 185
2860 -> 2862
2861 -> 1318
2862 -> 2861
2863 -> 2865
2864 -> 2863
2865 -> 329
2866 -> 104
2867 -> 2868
2868 -> 2866
2869 -> 2870
287 -> 286
2870 -> 2826
2871 -> 2869
2872 -> 2873
2873 -> 2874
2874 -> 559
2875 -> 2876
2876 -> 2877
2877 -> 66
2878 -> 2880
2879 -> 2072
288 -> 1965,287,804
2880 -> 2879
2881 -> 2883
2882 -> 2881
2883 -> 2127
2884 -> 2885
2885 -> 2886
2886 -> 2935,432
2887 -> 2889
2888 -> 2887
2889 -> 2051
289 -> 113
2890 -> 2892
2891 -> 2890
2892 -> 1865
2893 -> 2894
2894 -> 708
2895 -> 2893
2896 -> 2898
2897 -> 385
2898 -> 2897
2899 -> 245
29 -> 28,423
290 -> 291,314,817
2900 -> 2899
2901 -> 2900
2902 -> 2903
2903 -> 1653
2904 -> 2902
2905 -> 2906
2906 -> 2907
2907 -> 1051
2908 -> 1013
2909 -> 2910
291 -> 289,413,700
2910 -> 2908
2911 -> 2913
2912 -> 2911
2913 -> 892
2914 -> 2915
2915 -> 1446
2916 -> 2914
2917 -> 2919
2918 -> 2917
2919 -> 52
292 -> 294
2920 -> 2922
2921 -> 2920
2922 -> 2079
2923 -> 2924
2924 -> 2925
2925 -> 412
2926 -> 2927
2927 -> 2928
2928 -> 382
2929 -> 2931
293 -> 2244,292
2930 -> 2166
2931 -> 2930
2932 -> 2934
2933 -> 1717
2934 -> 2933
2935 -> 2937
2936 -> 2886
2937 -> 2936
2938 -> 2939
2939 -> 2940
294 -> 166,721
2940 -> 2195
2941 -> 2943
2942 -> 2477
2943 -> 2942
2944 -> 2946
2945 -> 2944
2946 -> 223
2947 -> 2949
2948 -> 313
2949 -> 2948
295 -> 296
2950 -> 2952
2951 -> 726
2952 -> 2951
2953 -> 2954
2954 -> 1761
2955 -> 2953
2956 -> 2958
2957 -> 700
2958 -> 2957
2959 -> 2961
296 -> 178,323
2960 -> 2739
2961 -> 2960
2962 -> 2964
2963 -> 2962
2964 -> 610
2965 -> 2967
2966 -> 2965
2967 -> 1219
2968 -> 2970
2969 -> 2191
297 -> 295
2970 -> 2969
2971 -> 2972
2972 -> 450
2973 -> 2971
2974 -> 1579
2975 -> 2976
2976 -> 2974
2977 -> 904
2978 -> 2977
2979 -> 2978
298 -> 183
2980 -> 2982
2981 -> 2980
2982 -> 971
2983 -> 2984
2984 -> 2628
2985 -> 2983
2986 -> 2988
2987 -> 2986
2988 -> 1548
2989 -> 2991
299 -> 300,786
2990 -> 2989
2991 -> 1488
2992 -> 2993
2993 -> 111
2994 -> 2992
2995 -> 2997
2996 -> 2336
2997 -> 2996
2998 -> 1537
2999 -> 2998
3 -> 1
30 -> 29,92
300 -> 298
3000 -> 2999
301 -> 303
302 -> 1486,301
303 -> 2573,795,80
304 -> 305,391,582,860
305 -> 1138,306
306 -> 196,329
307 -> 2023,308,610
308 -> 309
309 -> 37
31 -> 33,40
310 -> 311
311 -> 312
312 -> 455,99
313 -> 290,2947,677
314 -> 315,373,496
315 -> 2005,313
316 -> 317
317 -> 2179,64
318 -> 316,615
319 -> 1035,1304,177
32 -> 21,279,399,45,616
320 -> 321
321 -> 1600,319
322 -> 296
323 -> 1113,324
324 -> 322,568
325 -> 77
326 -> 325
327 -> 326
328 -> 1173,1505,330,417,947
329 -> 2864,328
33 -> 32,440,442
330 -> 2564,306,625
331 -> 187
332 -> 331
333 -> 1168,332
334 -> 1415,2036,281
335 -> 336
336 -> 334
337 -> 338,567
338 -> 94
339 -> 337,521
34 -> 167,18
340 -> 142
341 -> 340
342 -> 341
343 -> 13
344 -> 1839,343
345 -> 1177,2335,344,707
346 -> 1144,347
347 -> 348
348 -> 1804,181
349 -> 350
35 -> 36
350 -> 147
351 -> 349
352 -> 236,427,437
353 -> 354
354 -> 2553,352,643
355 -> 357
356 -> 111,730
357 -> 356,359
358 -> 360
359 -> 358
36 -> 34
360 -> 357
361 -> 2744,362
362 -> 363,729
363 -> 1338,162
364 -> 21
365 -> 2328,366
366 -> 1057,364
367 -> 368,620
368 -> 1073,28
369 -> 1229,367
37 -> 22,307
370 -> 372
371 -> 18
372 -> 371,432
373 -> 374,883
374 -> 375
375 -> 314,527
376 -> 138,517
377 -> 378,652
378 -> 376
379 -> 381
38 -> 39
380 -> 92
381 -> 2153,380
382 -> 2926,383
383 -> 384,400
384 -> 158
385 -> 223,2896
386 -> 1698,1975,387
387 -> 385,389
388 -> 387,943
389 -> 390
39 -> 151,37,84
390 -> 388
391 -> 1972,392
392 -> 393
393 -> 1296,304
394 -> 1037,1161,202,2425
395 -> 396
396 -> 394
397 -> 32,697
398 -> 397
399 -> 1463,398
4 -> 111,6,60,7,968
40 -> 41
400 -> 1098,1923,402
401 -> 1189,383
402 -> 401
403 -> 204
404 -> 403
405 -> 404
406 -> 408
407 -> 2824,406,760
408 -> 1204,131
409 -> 411,484
41 -> 149,42
410 -> 2167,409
411 -> 122,1861
412 -> 2923,414
413 -> 412
414 -> 291,879
415 -> 416
416 -> 328
417 -> 415
418 -> 45
419 -> 418
42 -> 31
420 -> 2055,419
421 -> 29,661
422 -> 421,692
423 -> 1050,422
424 -> 425
425 -> 1438,426
426 -> 88
427 -> 1855,429,471
428 -> 352,667,940
429 -> 428
43 -> 195,2080,44
430 -> 431
431 -> 2285,372
432 -> 2884,430
433 -> 435,545
434 -> 1679,57
435 -> 2429,2540,434,597
436 -> 1589,438
437 -> 436
438 -> 2578,352
439 -> 33
44 -> 32
440 -> 441
441 -> 439,896
442 -> 444
443 -> 33
444 -> 1286,443
445 -> 2073,447,823
446 -> 445
447 -> 173
448 -> 137,2679,474
449 -> 450
45 -> 420,43,590
450 -> 2973,448
451 -> 452,542,934
452 -> 1359,453,679
453 -> 115,696
454 -> 312
455 -> 456,961
456 -> 454
457 -> 2009,458
458 -> 53,575
459 -> 2187,457
46 -> 23
460 -> 107
461 -> 462,552
462 -> 460
463 -> 1186,465,504
464 -> 127,512
465 -> 464,909
466 -> 59
467 -> 1399,466,805,847
468 -> 467
469 -> 427
47 -> 1103,46
470 -> 1664,469
471 -> 470
472 -> 448
473 -> 1706,1796,472
474 -> 1724,473
475 -> 477,765
476 -> 475
477 -> 137,622
478 -> 1250,1490,480
479 -> 1354,2040,478,720,813
48 -> 1470,47,81
480 -> 64,904
481 -> 483
482 -> 1
483 -> 482
484 -> 1606,486,594
485 -> 409
486 -> 485
487 -> 488
488 -> 489
489 -> 1237,1541,207
49 -> 50
490 -> 113
491 -> 1133,2311,492,758
492 -> 490
493 -> 55
494 -> 495,688
495 -> 493,914
496 -> 498
497 -> 1320,1864,314
498 -> 1775,497
499 -> 501
5 -> 4,52
50 -> 2214,23,2321
500 -> 113,2604
501 -> 1152,500
502 -> 503
503 -> 463
504 -> 2477,502
505 -> 1025,506
506 -> 275
507 -> 505
508 -> 164,1753
509 -> 510
51 -> 155,205,49
510 -> 508
511 -> 513,602
512 -> 511,917,993
513 -> 464
514 -> 252,741
515 -> 1640,516
516 -> 1126,514
517 -> 519,862
518 -> 1200,1485,376,557
519 -> 518,687
52 -> 117,183,2918,53
520 -> 339
521 -> 1123,2294,522
522 -> 520
523 -> 80
524 -> 523
525 -> 1597,524
526 -> 528
527 -> 1615,526
528 -> 375
529 -> 177,1780,536
53 -> 459,54
530 -> 531
531 -> 2517,529
532 -> 534
533 -> 532
534 -> 113
535 -> 1214,1374,537
536 -> 2785,535,753
537 -> 529
538 -> 207
539 -> 1270,540
54 -> 1261,5
540 -> 538
541 -> 543
542 -> 541
543 -> 1289,451
544 -> 546,549
545 -> 1323,2171,544,770
546 -> 1626,2841,433
547 -> 548
548 -> 544
549 -> 547,735
55 -> 494,57
550 -> 551
551 -> 2524,461
552 -> 1030,2858,550
553 -> 554
554 -> 93
555 -> 1201,1962,553
556 -> 558
557 -> 1511,556,738
558 -> 518
559 -> 248,2872
56 -> 55
560 -> 559
561 -> 560
562 -> 208
563 -> 562,841
564 -> 563
565 -> 566
566 -> 2555,337
567 -> 1395,1816,565
568 -> 1868,2235,569
569 -> 570
57 -> 15,2075,251,433
570 -> 2176,324
571 -> 573
572 -> 571
573 -> 240
574 -> 576
575 -> 2046,574
576 -> 458,743,788,930
577 -> 182
578 -> 2648,577
579 -> 578
58 -> 59
580 -> 304
581 -> 580
582 -> 581
583 -> 584
584 -> 137
585 -> 583
586 -> 234
587 -> 2221,586
588 -> 2193,587,994
589 -> 1474,591
59 -> 2051,4,468
590 -> 589
591 -> 45
592 -> 593
593 -> 484
594 -> 1082,1108,1819,592
595 -> 596
596 -> 435
597 -> 595
598 -> 600,714
599 -> 598
6 -> 2,71,747
60 -> 1926,230,58,64,872
600 -> 1785,247
601 -> 1889,511
602 -> 603
603 -> 601
604 -> 2104,606
605 -> 604
606 -> 1077,192
607 -> 608
608 -> 2266,609,649
609 -> 250
61 -> 169,25,631
610 -> 2963,611
611 -> 612
612 -> 1040,307
613 -> 318
614 -> 1596,613
615 -> 1914,614
616 -> 617
617 -> 1312,618
618 -> 32
619 -> 621
62 -> 164,63,86,886
620 -> 619
621 -> 367
622 -> 624,846
623 -> 477
624 -> 623
625 -> 1658,626
626 -> 627,973
627 -> 2503,330
628 -> 630
629 -> 79,894
63 -> 61
630 -> 1001,629
631 -> 632
632 -> 1371,633
633 -> 61
634 -> 219
635 -> 634
636 -> 1712,635
637 -> 638
638 -> 639
639 -> 206,820
64 -> 1842,1947,318,479,65,750,76,95
640 -> 642
641 -> 640
642 -> 217
643 -> 644
644 -> 645
645 -> 354
646 -> 648
647 -> 1435,646
648 -> 268
649 -> 651
65 -> 66
650 -> 608
651 -> 1301,650
652 -> 653
653 -> 1340,654
654 -> 377
655 -> 1824,657
656 -> 250
657 -> 656
658 -> 660,875,971,986
659 -> 95
66 -> 2875,60
660 -> 1413,659
661 -> 662
662 -> 663
663 -> 421
664 -> 1052,107
665 -> 664
666 -> 2658,665
667 -> 668
668 -> 669
669 -> 428
67 -> 1467,2706,68
670 -> 133
671 -> 1004,670
672 -> 671
673 -> 2128,675
674 -> 161
675 -> 674
676 -> 313,982
677 -> 1513,678
678 -> 676
679 -> 681
68 -> 191,24
680 -> 452
681 -> 680,833
682 -> 683
683 -> 182
684 -> 682
685 -> 1378,686
686 -> 519
687 -> 685
688 -> 689
689 -> 1299,690
69 -> 2543,67
690 -> 494
691 -> 693
692 -> 691
693 -> 1676,422
694 -> 453
695 -> 694
696 -> 695
697 -> 1422,699
698 -> 1762,397
699 -> 698
7 -> 113,126,1389,208,8
70 -> 6
700 -> 1018,2956,702
701 -> 291
702 -> 701
703 -> 1015,2319,704
704 -> 150
705 -> 703
706 -> 708
707 -> 706
708 -> 2895,345
709 -> 255
71 -> 72,932
710 -> 709
711 -> 710,900
712 -> 713
713 -> 1631,598
714 -> 712
715 -> 716
716 -> 244
717 -> 715
718 -> 1352,479
719 -> 718
72 -> 70
720 -> 719
721 -> 722
722 -> 1360,723
723 -> 294
724 -> 1984,726
725 -> 724,774
726 -> 2568,283,2950
727 -> 728,870
728 -> 362
729 -> 727
73 -> 24
730 -> 732
731 -> 2410,356
732 -> 2684,731
733 -> 734
734 -> 549
735 -> 733
736 -> 737
737 -> 557
738 -> 1417,736
739 -> 1256,2528,514
74 -> 75
740 -> 1779,739
741 -> 1739,1815,740,989
742 -> 744
743 -> 742
744 -> 1953,2229,576
745 -> 1147,746
746 -> 6,776
747 -> 745,768
748 -> 64,778
749 -> 748
75 -> 1345,1519,73
750 -> 749
751 -> 536
752 -> 751
753 -> 752
754 -> 1086,1120,1788,755
755 -> 756
756 -> 1,920
757 -> 759
758 -> 757
759 -> 491
76 -> 101,2217,78
760 -> 762
761 -> 2712,407
762 -> 1434,761
763 -> 1502,2124,764
764 -> 475
765 -> 1044,763
766 -> 767
767 -> 747,880
768 -> 766
769 -> 771
77 -> 137,327,64
770 -> 1156,1273,769
771 -> 545
772 -> 725
773 -> 772
774 -> 773,850
775 -> 746
776 -> 777
777 -> 775,792
778 -> 780
779 -> 748
78 -> 77
780 -> 779
781 -> 782
782 -> 1873,783
783 -> 1217,168
784 -> 785
785 -> 299
786 -> 1252,784,922
787 -> 789
788 -> 2473,787
789 -> 1507,576
79 -> 48,628,839
790 -> 777
791 -> 790,828
792 -> 791
793 -> 794
794 -> 303
795 -> 793
796 -> 123
797 -> 798,829
798 -> 2302,796
799 -> 210
8 -> 10,9
80 -> 172,302,525,79
800 -> 799
801 -> 800
802 -> 2066,803
803 -> 288
804 -> 802
805 -> 807
806 -> 467
807 -> 1722,806
808 -> 810
809 -> 808
81 -> 1735,80
810 -> 239
811 -> 479
812 -> 811
813 -> 812
814 -> 816
815 -> 91
816 -> 815
817 -> 819
818 -> 290
819 -> 818
82 -> 119,39
820 -> 821
821 -> 822,998
822 -> 1012,639
823 -> 825
824 -> 445
825 -> 824
826 -> 791
827 -> 1180,826
828 -> 827
829 -> 831
83 -> 82
830 -> 797
831 -> 830
832 -> 2452,681
833 -> 1667,834
834 -> 832
835 -> 2507,837
836 -> 2651,835
837 -> 143,2472
838 -> 840
839 -> 1516,838
84 -> 83,938
840 -> 79,889
841 -> 843
842 -> 563,854
843 -> 1311,842
844 -> 622
845 -> 844
846 -> 1803,2357,845
847 -> 1064,849
848 -> 467
849 -> 1660,848
85 -> 62
850 -> 851
851 -> 1825,852
852 -> 774
853 -> 842
854 -> 1458,855,950
855 -> 1575,2086,853
856 -> 112
857 -> 858
858 -> 1062,856
859 -> 861
86 -> 160,87
860 -> 859
861 -> 304
862 -> 863
863 -> 864
864 -> 517
865 -> 1333,1477,867
866 -> 865
867 -> 1429,278
868 -> 727
869 -> 868
87 -> 85
870 -> 869
871 -> 873
872 -> 1932,871
873 -> 60
874 -> 876
875 -> 874
876 -> 658
877 -> 414
878 -> 877
879 -> 878
88 -> 424,90
880 -> 2092,881
881 -> 882
882 -> 767
883 -> 884
884 -> 885
885 -> 2163,373
886 -> 887
887 -> 888
888 -> 62
889 -> 891
89 -> 123,21
890 -> 840
891 -> 890
892 -> 2912,629
893 -> 892
894 -> 893
895 -> 897
896 -> 1731,2447,895,980
897 -> 441
898 -> 1099,899
899 -> 1209,711
9 -> 4
90 -> 129,1773,89
900 -> 2064,898
901 -> 902
902 -> 131,1629
903 -> 901
904 -> 1023,1324,2979,905
905 -> 906
906 -> 480
907 -> 1701,908
908 -> 1010,465
909 -> 2148,907
91 -> 30,814
910 -> 161
911 -> 910
912 -> 2810,911
913 -> 915
914 -> 913
915 -> 495
916 -> 918
917 -> 916
918 -> 512
919 -> 756
92 -> 1423,379,93
920 -> 921
921 -> 919
922 -> 2339,923
923 -> 924
924 -> 786
925 -> 927
926 -> 1876,925
927 -> 239
928 -> 929
929 -> 576
93 -> 2621,555,91
930 -> 928
931 -> 933
932 -> 931
933 -> 71
934 -> 1093,935
935 -> 936
936 -> 451
937 -> 939
938 -> 937
939 -> 84
94 -> 242,339,96
940 -> 941
941 -> 942
942 -> 1531,2842,428
943 -> 944
944 -> 945
945 -> 388
946 -> 948
947 -> 946
948 -> 328,956
949 -> 951
95 -> 105,2415,658,94
950 -> 949
951 -> 854
952 -> 953
953 -> 1684,277
954 -> 952
955 -> 948
956 -> 957
957 -> 955
958 -> 960
959 -> 219,2258
96 -> 64
960 -> 2633,959
961 -> 963
962 -> 455
963 -> 962
964 -> 242
965 -> 2664,966
966 -> 964
967 -> 4
968 -> 969
969 -> 967
97 -> 24
970 -> 972
971 -> 2981,970
972 -> 2277,658
973 -> 2694,974
974 -> 2674,975
975 -> 626,976
976 -> 977
977 -> 978
978 -> 975
979 -> 981
98 -> 97
980 -> 979
981 -> 2488,896
982 -> 983
983 -> 984
984 -> 676
985 -> 1045,1915,658
986 -> 1092,987
987 -> 985
988 -> 1278,990
989 -> 988
99 -> 310,98
990 -> 741
991 -> 512
992 -> 991
993 -> 992
994 -> 995
995 -> 2467,996
996 -> 588
997 -> 999
998 -> 997
999 -> 821
